##FastQC	0.10.1
>>Basic Statistics	pass
#Measure	Value	
Filename	M132N_S1_L001_R1_001a.fastq	
File type	Conventional base calls	
Encoding	Sanger / Illumina 1.9	
Total Sequences	314383	
Filtered Sequences	0	
Sequence length	32-151	
%GC	48	
>>END_MODULE
>>Per base sequence quality	pass
#Base	Mean	Median	Lower Quartile	Upper Quartile	10th Percentile	90th Percentile
1	30.972708447975876	32.0	32.0	33.0	29.0	33.0
2	31.237016632578733	32.0	32.0	33.0	29.0	33.0
3	31.45328150695171	32.0	32.0	33.0	30.0	34.0
4	31.3064287827268	32.0	32.0	33.0	29.0	34.0
5	31.607634636732904	32.0	32.0	33.0	30.0	34.0
6	34.97475690479447	37.0	33.0	37.0	32.0	37.0
7	34.80525028388939	37.0	33.0	37.0	32.0	37.0
8	34.72650556804916	37.0	33.0	37.0	32.0	37.0
9	34.77669912177185	37.0	33.0	37.0	32.0	37.0
10-14	35.50194635206101	37.4	34.6	37.4	32.8	37.4
15-19	36.585324906244935	38.0	37.0	38.0	34.0	38.0
20-24	36.85845290616859	38.0	37.0	38.4	34.0	38.4
25-29	37.01044903827496	38.0	37.0	39.0	34.0	39.0
30-34	37.01292090194257	38.0	37.0	39.0	34.0	39.0
35-39	36.9963790006431	38.0	37.0	39.0	34.0	39.0
40-44	36.935895361705285	38.0	37.0	39.0	34.0	39.0
45-49	36.94156174160585	38.0	37.0	39.0	34.2	39.0
50-54	36.9935686399959	38.0	37.0	39.0	34.2	39.0
55-59	36.940506780855394	38.0	37.0	39.0	34.0	39.0
60-64	36.917221207680356	38.0	37.0	39.0	34.0	39.0
65-69	36.84000503596851	38.0	37.0	39.0	33.8	39.0
70-74	36.77711502021411	38.0	37.0	39.0	33.4	39.0
75-79	36.694479209539665	38.0	37.0	39.0	33.2	39.0
80-84	36.58837301956945	38.0	37.0	39.0	33.0	39.0
85-89	36.58672103182302	38.0	37.0	39.0	33.0	39.0
90-94	36.46333820609719	38.0	37.0	39.0	33.0	39.0
95-99	36.38212676209933	38.0	37.0	39.0	33.0	39.0
100-104	36.3159768852111	38.0	37.0	39.0	32.8	39.0
105-109	36.24357827363767	38.0	37.0	39.0	32.6	39.0
110-114	36.22345270169651	38.0	37.0	39.0	32.4	39.0
115-119	36.05168678979028	38.0	37.0	39.0	31.6	39.0
120-124	35.992754861987876	38.0	37.0	39.0	31.2	39.0
125-129	35.78780781137175	38.0	37.0	39.0	30.4	39.0
130-134	35.658773423959744	38.0	36.6	39.0	29.6	39.0
135-139	35.56100502933865	38.0	36.4	39.0	29.0	39.0
140-144	35.34596733349124	38.0	36.0	39.0	27.2	39.0
145-149	35.176498091580946	38.0	36.0	39.0	26.6	39.0
150-151	34.27529285797446	37.5	34.5	39.0	21.5	39.0
>>END_MODULE
>>Per sequence quality scores	pass
#Quality	Count
2	4.0
3	0.0
4	0.0
5	0.0
6	0.0
7	0.0
8	0.0
9	0.0
10	0.0
11	0.0
12	0.0
13	0.0
14	0.0
15	1.0
16	0.0
17	6.0
18	11.0
19	27.0
20	78.0
21	165.0
22	295.0
23	480.0
24	778.0
25	1118.0
26	1641.0
27	2389.0
28	3198.0
29	4204.0
30	5555.0
31	7367.0
32	9624.0
33	13162.0
34	17846.0
35	26794.0
36	46116.0
37	98515.0
38	75009.0
>>END_MODULE
>>Per base sequence content	fail
#Base	G	A	T	C
1	43.68076175200415	17.564914089675167	11.633457767254466	27.12086639106622
2	17.267535277366804	20.45339569512719	33.70686775163461	28.572201275871397
3	20.874890638670166	20.309234073013602	27.519923645907895	31.295951642408337
4	14.529049827883508	14.983997302129662	32.465115391223016	38.021837478763814
5	15.12783887561597	35.56424392618208	34.530971142803516	14.776946055398438
6	37.95450713947178	34.387793077781915	14.117355166852748	13.540344615893554
7	32.99138937397218	29.125355065064777	18.303703491645436	19.579552069317607
8	29.29868393831856	34.48527188529417	17.15367844809752	19.062365728289755
9	26.449209666593504	13.872585975995749	17.772878951269398	41.905325406141344
10-14	25.81574262704564	22.063065688229358	26.851843604422566	25.26934808030244
15-19	24.41875851679566	27.20030739986284	24.42791943986045	23.953014643481048
20-24	24.526717450413322	25.877699132384247	25.770758079107114	23.82482533809532
25-29	24.435680777457	25.88679643792775	25.9109074784941	23.76661530612115
30-34	24.346474045365422	25.990197587822816	25.996305009740066	23.667023357071695
35-39	24.37347556804479	26.119019756447237	25.978515889727372	23.5289887857806
40-44	24.350415736475668	26.03590271932025	26.04481727079733	23.56886427340675
45-49	24.280421917906015	26.129244866894947	26.06085020996459	23.529483005234454
50-54	24.44114110357399	26.143184295784177	26.091293902591584	23.32438069805025
55-59	24.350217356138625	26.16291448399416	26.073273858504635	23.413594301362576
60-64	24.486560038745832	26.19431087125595	25.958683922913217	23.360445167085004
65-69	24.3690705865126	26.140733738025574	26.087556869706397	23.402638805755434
70-74	24.48926356956121	26.21757800247454	25.971283212601225	23.321875215363026
75-79	24.513288344311388	26.232002506808115	25.930604056764988	23.324105092115506
80-84	24.43284043675387	26.278495752341023	26.034651664733506	23.254012146171597
85-89	24.50424735601844	26.210934118962413	25.946780007588167	23.33803851743098
90-94	24.538303414152704	26.270511224186333	25.90370305008971	23.287482311571257
95-99	24.530694812061185	26.21094596635951	25.98041469357731	23.277944528001996
100-104	24.53218197091128	26.310471621857218	25.896541157948683	23.26080524928282
105-109	24.603916488116003	26.25229624462272	25.862706994203332	23.28108027305795
110-114	24.443973195919046	26.382700035522028	25.93931017689436	23.234016591664567
115-119	24.6460141506732	26.33771978594057	25.83747953853629	23.178786524849937
120-124	24.591585142225867	26.28394624720335	25.961766458379902	23.162702152190885
125-129	24.676930669993556	26.28850714961407	25.909844943173248	23.124717237219123
130-134	24.618912571453894	26.275922807639475	25.909860083307485	23.19530453759915
135-139	24.67379191003937	26.28803194319219	25.774149198900133	23.264026947868306
140-144	24.631119839822478	26.27299611600684	25.85448557991376	23.241398464256918
145-149	24.84636363175897	26.46221373852476	25.845063339500733	22.84635929021554
150-151	29.855072463768117	33.44483384804007	26.278728153879964	10.421365534311855
>>END_MODULE
>>Per base GC content	fail
#Base	%GC
1	70.80162814307037
2	45.8397365532382
3	52.1708422810785
4	52.55088730664732
5	29.904784931014404
6	51.49485175536533
7	52.57094144328979
8	48.36104966660832
9	68.35453507273485
10-14	51.08509070734808
15-19	48.37177316027671
20-24	48.35154278850864
25-29	48.202296083578155
30-34	48.01349740243712
35-39	47.902464353825394
40-44	47.919280009882414
45-49	47.809904923140465
50-54	47.76552180162424
55-59	47.7638116575012
60-64	47.84700520583084
65-69	47.77170939226803
70-74	47.81113878492423
75-79	47.83739343642689
80-84	47.68685258292547
85-89	47.84228587344942
90-94	47.82578572572396
95-99	47.80863934006318
100-104	47.7929872201941
105-109	47.88499676117395
110-114	47.67798978758361
115-119	47.824800675523136
120-124	47.754287294416756
125-129	47.80164790721268
130-134	47.81421710905304
135-139	47.93781885790768
140-144	47.8725183040794
145-149	47.69272292197451
150-151	40.27643799807997
>>END_MODULE
>>Per sequence GC content	fail
#GC Content	Count
0	5.0
1	4.5
2	3.0
3	1.5
4	0.5
5	0.0
6	0.5
7	0.5
8	0.0
9	0.5
10	1.5
11	2.0
12	1.5
13	3.0
14	8.5
15	17.5
16	33.5
17	63.5
18	114.5
19	177.5
20	264.0
21	397.0
22	597.0
23	876.0
24	1166.0
25	1527.0
26	2045.0
27	2550.5
28	3016.5
29	3547.5
30	4111.5
31	4671.0
32	5180.5
33	5835.5
34	6334.5
35	6646.5
36	7174.0
37	7634.5
38	7995.5
39	8280.0
40	8418.0
41	8444.0
42	8396.5
43	8335.0
44	8238.0
45	8213.0
46	8257.0
47	8207.0
48	8170.5
49	8082.5
50	7841.5
51	7743.5
52	7653.0
53	7615.0
54	7790.5
55	7797.0
56	7855.5
57	8212.5
58	8518.0
59	8613.0
60	8725.0
61	8731.5
62	8405.0
63	7806.5
64	7102.0
65	6262.5
66	5452.0
67	4763.5
68	4119.5
69	3467.0
70	2813.0
71	2251.5
72	1684.0
73	1223.5
74	896.0
75	654.5
76	471.0
77	319.5
78	226.0
79	162.5
80	89.0
81	47.5
82	26.0
83	16.5
84	11.0
85	7.5
86	5.0
87	2.5
88	4.0
89	3.5
90	2.5
91	3.5
92	2.5
93	0.5
94	1.0
95	1.5
96	1.5
97	2.0
98	1.5
99	1.5
100	2.0
>>END_MODULE
>>Per base N content	pass
#Base	N-Count
1	0.0508933371079225
2	0.027991335409357377
3	0.018448834701621907
4	0.019403084772395454
5	0.013359500990829656
6	0.0012723334276980626
7	0.0012723334276980626
8	0.05979967110180894
9	0.006997833852339344
10-14	0.00998781740742979
15-19	0.0013359500990829656
20-24	0.0013359500990829656
25-29	0.0013359500990829656
30-34	0.0014632150907097929
35-39	1.272678332460488E-4
40-44	0.0035020225772211893
45-49	5.099296042181378E-4
50-54	6.382578114777902E-5
55-59	1.9181266807585042E-4
60-64	1.281275945837903E-4
65-69	2.568924237286394E-4
70-74	4.508514006664872E-4
75-79	1.9382499412064184E-4
80-84	0.0
85-89	3.253920323205398E-4
90-94	2.6144491453692546E-4
95-99	1.9703488765399096E-4
100-104	6.60386392078005E-5
105-109	6.643741329917565E-5
110-114	1.3379277773206523E-4
115-119	0.0
120-124	0.0
125-129	0.0
130-134	0.0
135-139	0.0
140-144	0.0
145-149	0.0
150-151	0.0
>>END_MODULE
>>Sequence Length Distribution	warn
#Length	Count
30-34	31.0
35-39	153.0
40-44	262.0
45-49	420.0
50-54	462.0
55-59	622.0
60-64	669.0
65-69	892.0
70-74	903.0
75-79	1061.0
80-84	1070.0
85-89	1327.0
90-94	1360.0
95-99	1618.0
100-104	1722.0
105-109	1970.0
110-114	2145.0
115-119	2337.0
120-124	2510.0
125-129	2766.0
130-134	3086.0
135-139	3284.0
140-144	3629.0
145-149	31370.0
150-152	248714.0
>>END_MODULE
>>Sequence Duplication Levels	pass
#Total Duplicate Percentage	4.286904120327284
#Duplication Level	Relative count
1	100.0
2	1.753173628173628
3	0.29842342342342343
4	0.13308763308763308
5	0.06961506961506962
6	0.03224815724815725
7	0.025593775593775594
8	0.012796887796887797
9	0.01074938574938575
10++	0.039414414414414414
>>END_MODULE
>>Overrepresented sequences	pass
>>END_MODULE
>>Kmer Content	warn
#Sequence	Count	Obs/Exp Overall	Obs/Exp Max	Max Obs/Exp Position
TTTTT	209805	4.1468034	5.755351	145-147
CCTGG	115735	2.989184	12.115512	3
CCAGG	116250	2.9675827	11.375939	3
CCCAG	109200	2.9333405	11.859295	2
CTGGG	118150	2.8999574	10.907558	4
CCTCC	97015	2.774513	5.045252	1
GGAGG	114470	2.6390133	5.8334246	6
GCTGG	102345	2.5120285	5.9661465	3
CCAGC	93005	2.4983091	6.64399	3
GGCAG	99230	2.4072592	6.400378	7
CTCCT	91765	2.3928328	7.827643	1
GCAGG	98395	2.3870027	8.121022	3
CAGCC	88720	2.383205	6.013574	9
GGCTG	96850	2.377155	9.285844	7
CCCTG	87215	2.3703315	9.66085	2
AGGAG	107395	2.347866	7.1799936	5
CAGGG	95310	2.3121624	10.4185295	4
CCTGC	85055	2.3116271	6.7993984	3
CAGCA	95400	2.3093917	7.3152266	4
CAGGA	100360	2.3087656	10.125104	4
TCCTG	91865	2.2764356	9.706984	2
CAGAG	97900	2.252174	8.783814	4
CAGGC	87585	2.2358341	7.024419	4
GCCTG	85955	2.220031	7.9345717	7
CTCCA	85970	2.2156656	6.7649856	1
CCCCA	78075	2.2068958	6.5147552	1
AGCAG	95560	2.1983426	7.1000404	7
CTGCC	80795	2.1958487	6.37403	9
GGGAG	94865	2.1870358	5.524992	7
CTCTG	87915	2.1785538	8.191919	2
TCCAG	88505	2.1676793	9.158838	2
TGCTG	91115	2.1456811	6.7971797	2
CTGGA	91435	2.1281867	8.837474	4
CTGCA	85870	2.1031427	7.592825	4
TGGGG	89465	2.086801	5.720577	5
TGGAG	94215	2.08395	6.9027896	5
CACAG	85675	2.0739741	9.072181	7
GCAGC	81230	2.0736063	5.2100706	8
CTGCT	83665	2.073238	6.9211793	9
TGCAG	88870	2.0684855	8.223961	2
AGCTG	87855	2.0448608	7.464929	7
CTGTG	86025	2.025816	11.012438	9
CTCAG	82230	2.013991	6.8604226	2
CCTCT	76665	1.9990906	6.9001975	1
AGAGG	91295	1.9958882	6.511726	5
GCCTC	73305	1.9922851	5.063736	7
AGAAG	95720	1.9844096	5.3938956	5
CTGGC	76420	1.9737626	5.1946535	9
CTGAG	84365	1.9636297	7.245254	9
GGAGA	89650	1.9599253	5.904682	6
AGGCC	76160	1.9441814	6.5147405	5
GGCCT	74570	1.9259813	6.571956	6
CAGAA	87995	1.919626	5.4910007	4
CCTCA	74290	1.9146423	6.0316544	1
GGCCA	74405	1.8993806	5.1208525	1
GGCCC	67005	1.8980503	5.214636	6
GGGCC	70470	1.8970325	6.275785	6
GCTGC	73205	1.8907263	6.465207	8
GCCCA	69725	1.8729595	7.2420635	1
TTCTG	81280	1.8364385	5.381024	2
CCACA	71480	1.8208064	5.270622	4
GAGAG	83180	1.8184785	6.46747	7
TGGCC	69960	1.8069149	6.0038314	5
GCAGA	77050	1.772523	5.2811885	3
TGGGC	72155	1.7710235	6.9792814	5
CCAGA	73025	1.7677498	6.572377	3
CACTG	71225	1.7444549	8.865371	7
TCTGG	72675	1.7114348	6.259747	3
CAGTG	72785	1.6941005	7.361046	9
ACAGA	76515	1.6691878	6.6397886	8
CCTGA	67830	1.661304	6.493009	3
ACACA	72095	1.6549839	9.185879	6
CACAC	64405	1.6405852	8.601331	5
ACCTG	66795	1.6359545	5.5386796	7
ACAGG	70865	1.630238	6.2984233	8
GGGCT	65850	1.6162692	7.10029	6
GCCCT	59270	1.6108416	6.8632455	1
CCTGT	64660	1.6022897	6.890233	8
AGGCT	68660	1.5980895	5.74051	6
TCAGG	68375	1.5914559	6.1869802	3
AGGTG	71110	1.5728887	5.411001	7
AGCCT	63980	1.5670091	5.326874	6
AGGGC	63375	1.5374389	7.363776	5
GTGTG	66725	1.4932547	6.2404323	1
GACAG	64155	1.4758756	8.212489	7
GGGTG	62415	1.4558508	5.092349	7
ACAGC	60050	1.453658	6.3350334	8
GAGCT	62370	1.4516871	5.310385	6
AGAGC	62670	1.4417135	6.083521	5
AGACA	65295	1.4244217	6.2796774	6
GCTGT	60095	1.4151864	5.9785438	8
CCATG	57780	1.4151576	5.604868	9
GAGCA	60880	1.4005347	5.040263	1
GCTCT	56000	1.3876928	5.11195	1
CTGTC	55220	1.3683643	6.1815114	9
GGACA	57780	1.3292197	6.703889	6
TGAGC	56090	1.3055176	5.31123	5
ACTGG	55315	1.2874792	5.379383	8
GTCCT	50155	1.2428523	6.486888	1
GCACA	50880	1.2316757	6.228472	6
GTGCT	51470	1.212075	5.7290773	1
AGGAC	52030	1.1969419	7.7842903	5
AGCAC	48980	1.1856813	6.8489676	5
ACTGC	47405	1.1610513	5.6083484	8
ACTGA	50935	1.1242243	5.7761216	8
GTCCA	44940	1.1006781	5.871383	1
GTGCA	46130	1.0736945	7.2188334	1
ACAGT	48140	1.0625337	6.7178802	8
TGCAC	42915	1.0510815	6.51166	5
ACTGT	46610	1.0408635	7.5432787	8
TGGAC	44675	1.0398287	6.684539	5
GACTG	44595	1.0379667	7.001475	7
ACACT	43785	1.0169322	6.058379	6
GGACC	39315	1.0036173	5.1166143	6
GCACT	40685	0.996464	6.0580134	6
AGACT	44615	0.98473084	5.1455784	6
GGACT	42270	0.98385143	6.336067	6
TACAC	27115	0.62976176	6.8188252	5
GTGTA	28945	0.6142685	5.087423	1
>>END_MODULE
